
7398 simd_float3x3([[0.00025974208, 6.194947e-05, -8.977133e-06], [6.194947e-05, 7.070746e-05, -6.584047e-06], [-8.977133e-06, -6.584047e-06, 0.0002468055]])
7398 simd_float3x3([[0.008511517, 6.8997426e-05, 0.0015247168], [6.8997426e-05, 0.008994573, -0.00028169074], [0.0015247168, -0.00028169074, 0.00078906846]])

[482]:  R 42 id=7398 nextId=482 it=(0.000023106,0.000002665,0.000000574)
[482]:  R 42 id=7398 nextId=1211 it=(0.000055215,0.000024194,0.000001932) <<<<<<
[482]:  R 42 id=7398 nextId=1940 it=(0.000023278,0.000001997,-0.000000603)
[482]:  W 42 id=7398 oid=7043 it=(0.008511517,0.000068997,0.001524717)

9091 simd_float3x3([[6.329732e-05, 7.039061e-06, 2.1338396e-06], [7.039061e-06, 6.1823116e-06, -1.757285e-05], [2.1338396e-06, -1.757285e-05, 5.8824728e-05]])
9091 simd_float3x3([[6.3297324e-05, 6.9359776e-06, 2.1026804e-06], [6.9359776e-06, 6.1575124e-06, -1.757285e-05], [2.1026804e-06, -1.757285e-05, 5.879993e-05]])


(lldb) e inspect(9091)
[1446]:  R 42 id=9091 nextId=8007 it=(0.000040179,0.000004381,0.000001323)
[1446]:  W 42 id=9091 oid=482 it=(0.000063297,0.000006936,0.000002103)


[482]:  W 42 id=12501 oid=482 it=(0.000023106,0.000002665,0.000000574)
[482]:  R 42 id=10314 nextId=482 it=(0.000023106,0.000002665,0.000000574)



[482]:  W 42 id=12501 oid=482 it=(0.000023106,0.000002665,0.000000574)
[482]:  R 42 id=10314 nextId=482 it=(0.000023106,0.000002665,0.000000574)
[482]:  W 42 id=10314 oid=7043 it=(0.000039955,0.000004600,0.000000994)
[482]:  R 42 id=8127 nextId=7043 it=(0.000039955,0.000004600,0.000000994)
[482]:  W 42 id=8127 oid=1618 it=(0.000063583,0.000007331,0.000001583)
[482]:  R 42 id=7398 nextId=482 it=(0.000023106,0.000002665,0.000000574)


[1446]:  W 42 id=22213 oid=1446 it=(0.000000189,0.000000020,0.000000006)
[1446]:  R 42 id=20026 nextId=1446 it=(0.000000189,0.000000020,0.000000006)
[1446]:  W 42 id=20026 oid=8007 it=(0.000001572,0.000000171,0.000000050)
[1446]:  R 42 id=17839 nextId=8007 it=(0.000001572,0.000000171,0.000000050)
[1446]:  W 42 id=17839 oid=1446 it=(0.000005104,0.000000545,0.000000163)
[1446]:  R 42 id=15652 nextId=1446 it=(0.000005104,0.000000545,0.000000163)
[1446]:  W 42 id=15652 oid=8007 it=(0.000012098,0.000001301,0.000000389)
[1446]:  R 42 id=13465 nextId=8007 it=(0.000012098,0.000001301,0.000000389)
[1446]:  W 42 id=13465 oid=1446 it=(0.000023274,0.000002520,0.000000760)
[1446]:  R 42 id=11278 nextId=1446 it=(0.000023274,0.000002520,0.000000760)
[1446]:  W 42 id=11278 oid=8007 it=(0.000040179,0.000004381,0.000001323)
[1446]:  R 42 id=9091 nextId=8007 it=(0.000040179,0.000004381,0.000001323)
[1446]:  W 42 id=9091 oid=482 it=(0.000063297,0.000006936,0.000002103) >>> write of new value (line 13)


[482]:  W 42 id=21249 oid=482 it=(0.000000189,0.000000022,0.000000005)
[482]:  R 42 id=19062 nextId=482 it=(0.000000189,0.000000022,0.000000005)
[482]:  W 42 id=19062 oid=7043 it=(0.000001526,0.000000173,0.000000036)
[482]:  R 42 id=16875 nextId=7043 it=(0.000001526,0.000000173,0.000000036)
[482]:  W 42 id=16875 oid=482 it=(0.000005168,0.000000577,0.000000122)
[482]:  R 42 id=14688 nextId=482 it=(0.000005168,0.000000577,0.000000122)
[482]:  W 42 id=14688 oid=7043 it=(0.000011898,0.000001357,0.000000292)
[482]:  R 42 id=12501 nextId=7043 it=(0.000011898,0.000001357,0.000000292)
[482]:  W 42 id=12501 oid=482 it=(0.000023106,0.000002665,0.000000574) >>> write of old value (9)
[482]:  R 42 id=10314 nextId=482 it=(0.000023106,0.000002665,0.000000574)
[482]:  W 42 id=10314 oid=7043 it=(0.000039955,0.000004600,0.000000994)
[482]:  R 42 id=8127 nextId=7043 it=(0.000039955,0.000004600,0.000000994)
[482]:  W 42 id=8127 oid=1618 it=(0.000063583,0.000007331,0.000001583) (write should have barrier'd)
[482]:  R 42 id=7398 nextId=482 it=(0.000023106,0.000002665,0.000000574) <<<< bad read of old value
[482]:  R 42 id=7398 nextId=1211 it=(0.000055215,0.000024194,0.000001932)
[482]:  R 42 id=7398 nextId=1940 it=(0.000023278,0.000001997,-0.000000603)
[482]:  W 42 id=7398 oid=7043 it=(0.008511517,0.000068997,0.001524717)
[482]:  R 42 id=6669 nextId=7043 it=(0.008511517,0.000068997,0.001524717)
[482]:  W 42 id=6669 oid=482 it=(0.008579096,0.000037909,0.001528667)
[482]:  R 42 id=5940 nextId=482 it=(0.000063297,0.000006936,0.001528667)
[482]:  W 42 id=5940 oid=7043 it=(0.000189122,0.000021876,0.001530975)
[482]:  R 42 id=5211 nextId=7043 it=(0.000189122,0.000021876,0.001530975)
[482]:  W 42 id=5211 oid=482 it=(0.000346951,0.000040592,0.001533317)
[482]:  R 42 id=4482 nextId=482 it=(0.000346951,0.000040592,0.001533317)
[482]:  W 42 id=4482 oid=7043 it=(0.000540752,0.000063513,0.001535669)
[482]:  R 42 id=3753 nextId=7043 it=(0.000540752,0.000063513,0.001535669)
[482]:  W 42 id=3753 oid=482 it=(0.000769885,0.000090800,0.001538008)
[482]:  R 42 id=3024 nextId=482 it=(0.000769885,0.000090800,0.001538008)
[482]:  W 42 id=3024 oid=7207 it=(0.001039153,0.000123145,0.001540332)
